26                     73923099822891231264017      100.00
26                     73923099822891231264017      100.00
29                     72796599264345625769330      100.00
29                     72796599264345625769330      100.00
65                     71980672182556878962110      100.00
65                     71980672182556878962110      100.00
19                     77603572056213715383739      100.00
19                     77603572056213715383739      100.00
54                     76936400495893254625272      100.00
54                     76936400495893254625272      100.00
112                    79917169562076897014235      100.00
112                    79917169562076897014235      100.00
113                    71867454540135887375241      100.00
113                    71867454540135887375241      100.00
155                    79391343256278697066707      100.00
155                    79391343256278697066707      100.00
167                    76040848014251166114423      100.00
167                    76040848014251166114423      100.00
22                     76798293816370256996436      100.00
22                     76798293816370256996436      100.00
130                    70938626763765741747718      100.00
130                    70938626763765741747718      100.00
7                      71340644626031221873659      100.00
7                      71340644626031221873659      100.00
77                     73623137197239614773432      100.00
77                     73623137197239614773432      100.00
34                     71615780577184111631981      100.00
34                     71615780577184111631981      100.00
184                    72033693880428264427066      100.00
184                    72033693880428264427066      100.00
188                    79225782298219791321052      100.00
188                    79225782298219791321052      100.00
126                    77100883631249119415480      100.00
126                    77100883631249119415480      100.00
50                     70634933849887144682661      100.00
50                     70634933849887144682661      100.00
94                     78487644474238308786552      100.00
94                     78487644474238308786552      100.00
149                    73563432015199991828334      100.00
149                    73563432015199991828334      100.00
110                    79038778525563425167997      100.00
110                    79038778525563425167997      100.00
57                     73786017570078494243981      100.00
57                     73786017570078494243981      100.00
136                    77107896376662448285948      100.00
136                    77107896376662448285948      100.00
144                    74449199394081819925982      100.00
144                    74449199394081819925982      100.00
32                     77279537310395921976254      100.00
32                     77279537310395921976254      100.00
43                     79188978103598387627671      100.00
43                     79188978103598387627671      100.00
84                     78044195651836458752141      100.00
84                     78044195651836458752141      100.00
31                     74262703379266368673747      100.00
31                     74262703379266368673747      100.00
119                    73331799202592242151240      100.00
119                    73331799202592242151240      100.00
39                     74066136958690932194492      100.00
39                     74066136958690932194492      100.00
98                     74714768243921474340922      100.00
98                     74714768243921474340922      100.00
187                    78199822950362366772265      100.00
187                    78199822950362366772265      100.00
116                    76037012578034431950370      100.00
116                    76037012578034431950370      100.00
145                    74486180236342449076652      100.00
145                    74486180236342449076652      100.00
25                     74268018555784485907639      100.00
25                     74268018555784485907639      100.00
157                    74653326260350644029257      100.00
157                    74653326260350644029257      100.00
124                    75053368899717344114078      100.00
124                    75053368899717344114078      100.00
181                    77780981898534512725193      100.00
181                    77780981898534512725193      100.00
95                     72289592854609497638865      100.00
95                     72289592854609497638865      100.00
71                     76325557665739108220071      100.00
71                     76325557665739108220071      100.00
143                    74162089491342697506994      100.00
143                    74162089491342697506994      100.00
161                    77256855919243729750404      100.00
161                    77256855919243729750404      100.00
6                      70330984774212242544388      100.00
6                      70330984774212242544388      100.00
68                     79154833516718429403500      100.00
68                     79154833516718429403500      100.00
72                     74932705006513413915509      100.00
72                     74932705006513413915509      100.00
87                     71479054616595056255264      100.00
87                     71479054616595056255264      100.00
58                     74177892725956266017697      100.00
58                     74177892725956266017697      100.00
107                    76370861976657411582180      100.00
107                    76370861976657411582180      100.00
9                      78708695832810324485226      100.00
9                      78708695832810324485226      100.00
27                     72425901467824887253421      100.00
27                     72425901467824887253421      100.00
63                     71031809135177841871028      100.00
63                     71031809135177841871028      100.00
158                    73332315302806262568135      100.00
158                    73332315302806262568135      100.00
51                     77104992948197081287629      100.00
51                     77104992948197081287629      100.00
56                     77518001649822916947145      100.00
56                     77518001649822916947145      100.00
178                    79239786822266625002338      100.00
178                    79239786822266625002338      100.00
150                    78119986558957638320237      100.00
150                    78119986558957638320237      100.00
52                     77970661861113928872288      100.00
52                     77970661861113928872288      100.00
146                    78946445148516761331410      100.00
146                    78946445148516761331410      100.00
174                    78076695267459789745411      100.00
174                    78076695267459789745411      100.00
17                     78789349800338173737817      100.00
17                     78789349800338173737817      100.00
79                     70066568811142510120239      100.00
79                     70066568811142510120239      100.00
170                    71206983197160371180141      100.00
170                    71206983197160371180141      100.00
103                    76741701104652851468128      100.00
103                    76741701104652851468128      100.00
139                    78721204925186998384854      100.00
139                    78721204925186998384854      100.00
41                     75151170534790553766637      100.00
41                     75151170534790553766637      100.00
28                     77411965065635303172492      100.00
28                     77411965065635303172492      100.00
33                     71038565363587563640640      100.00
33                     71038565363587563640640      100.00
88                     75963485192478592661920      100.00
88                     75963485192478592661920      100.00
138                    79850595008321489165908      100.00
138                    79850595008321489165908      100.00
114                    78324702608791823092790      100.00
114                    78324702608791823092790      100.00
5                      77342431705030185284529      100.00
5                      77342431705030185284529      100.00
1                      77879335638589093184657      100.00
1                      77879335638589093184657      100.00
115                    79427072382983820864583      100.00
115                    79427072382983820864583      100.00
153                    73452483966744239991835      100.00
153                    73452483966744239991835      100.00
96                     70524560236268367949798      100.00
96                     70524560236268367949798      100.00
185                    75742583498806244193845      100.00
185                    75742583498806244193845      100.00
104                    76563233263846116184303      100.00
104                    76563233263846116184303      100.00
10                     72216291361803291688195      100.00
10                     72216291361803291688195      100.00
120                    77404772194726166482471      100.00
120                    77404772194726166482471      100.00
89                     77777151079466623838511      100.00
89                     77777151079466623838511      100.00
128                    71964031261091136146571      100.00
128                    71964031261091136146571      100.00
85                     74214497364258779087965      100.00
85                     74214497364258779087965      100.00
106                    77086345168949324601875      100.00
106                    77086345168949324601875      100.00
111                    76983226585126689212455      100.00
111                    76983226585126689212455      100.00
177                    70983896895930100128396      100.00
177                    70983896895930100128396      100.00
179                    76325665939800801782840      100.00
179                    76325665939800801782840      100.00
48                     71350161598452969847799      100.00
48                     71350161598452969847799      100.00
67                     78882408314919451341098      100.00
67                     78882408314919451341098      100.00
142                    76905317093869647073532      100.00
142                    76905317093869647073532      100.00
168                    73504938713117238576501      100.00
168                    73504938713117238576501      100.00
100                    74337295122010800203045      100.00
100                    74337295122010800203045      100.00
105                    71147402060493946800064      100.00
105                    71147402060493946800064      100.00
131                    74818585675536264534813      100.00
131                    74818585675536264534813      100.00
108                    74308494065494446344716      100.00
108                    74308494065494446344716      100.00
44                     75031771569147265682394      100.00
44                     75031771569147265682394      100.00
132                    73194975300395451285771      100.00
132                    73194975300395451285771      100.00
123                    75337562113111314919150      100.00
123                    75337562113111314919150      100.00
127                    77209805538052750423530      100.00
127                    77209805538052750423530      100.00
61                     79016877215679507002960      100.00
61                     79016877215679507002960      100.00
156                    70894834595252001130727      100.00
156                    70894834595252001130727      100.00
160                    73306043563087214664653      100.00
160                    73306043563087214664653      100.00
3                      79612317736596626323969      100.00
3                      79612317736596626323969      100.00
37                     70028438023508230299238      100.00
37                     70028438023508230299238      100.00
101                    71549438774101059043524      100.00
101                    71549438774101059043524      100.00
83                     72017847456409127527490      100.00
83                     72017847456409127527490      100.00
12                     73032805141021855645687      100.00
12                     73032805141021855645687      100.00
141                    78109613268658876109949      100.00
141                    78109613268658876109949      100.00
55                     77040133934877713884041      100.00
55                     77040133934877713884041      100.00
74                     78823142757399705539943      100.00
74                     78823142757399705539943      100.00
8                      76158991107935435591963      100.00
8                      76158991107935435591963      100.00
62                     75506505778216442098363      100.00
62                     75506505778216442098363      100.00
182                    70206700651754315697160      100.00
182                    70206700651754315697160      100.00
186                    77311788503979759536535      100.00
186                    77311788503979759536535      100.00
171                    71542298546393282058025      100.00
171                    71542298546393282058025      100.00
11                     71635741784231805712093      100.00
11                     71635741784231805712093      100.00
49                     72157876920761629041799      100.00
49                     72157876920761629041799      100.00
35                     71084880642110685747024      100.00
35                     71084880642110685747024      100.00
166                    79474035776819080080148      100.00
166                    79474035776819080080148      100.00
80                     72763075686619836892291      100.00
80                     72763075686619836892291      100.00
2                      78781372873226574968881      100.00
2                      78781372873226574968881      100.00
66                     71816449764893557672726      100.00
66                     71816449764893557672726      100.00
154                    74516675528466137539111      100.00
154                    74516675528466137539111      100.00
162                    75028809046718260357090      100.00
162                    75028809046718260357090      100.00
164                    76269288169456261011761      100.00
164                    76269288169456261011761      100.00
176                    76678333972035922937137      100.00
176                    76678333972035922937137      100.00
134                    71262095105784984828433      100.00
134                    71262095105784984828433      100.00
76                     75199543375572829954827      100.00
76                     75199543375572829954827      100.00
102                    70685000955819550318201      100.00
102                    70685000955819550318201      100.00
175                    72193786518007868594430      100.00
175                    72193786518007868594430      100.00
4                      76524223158741641331083      100.00
4                      76524223158741641331083      100.00
92                     78244442643225792968251      100.00
92                     78244442643225792968251      100.00
163                    73147570190538738887307      100.00
163                    73147570190538738887307      100.00
118                    73625497744038033953699      100.00
118                    73625497744038033953699      100.00
13                     73177197655980147430425      100.00
13                     73177197655980147430425      100.00
36                     71761133188593676360988      100.00
36                     71761133188593676360988      100.00
75                     76813355150893666945836      100.00
75                     76813355150893666945836      100.00
172                    78832712591055239042571      100.00
172                    78832712591055239042571      100.00
78                     73258414511601340381176      100.00
78                     73258414511601340381176      100.00
18                     79766629039769421221753      100.00
18                     79766629039769421221753      100.00
125                    79765539569955952179259      100.00
125                    79765539569955952179259      100.00
140                    78995720821978486485749      100.00
140                    78995720821978486485749      100.00
69                     70490410355024143303089      100.00
69                     70490410355024143303089      100.00
14                     78357619714345977511555      100.00
14                     78357619714345977511555      100.00
137                    78120436576800266953153      100.00
137                    78120436576800266953153      100.00
173                    75671375486317797030126      100.00
173                    75671375486317797030126      100.00
21                     77295397413443531300286      100.00
21                     77295397413443531300286      100.00
135                    76063768057315728429575      100.00
135                    76063768057315728429575      100.00
59                     76571847071942361166798      100.00
59                     76571847071942361166798      100.00
122                    74625490316424541029730      100.00
122                    74625490316424541029730      100.00
129                    75203230442586610844539      100.00
129                    75203230442586610844539      100.00
15                     76594274656348557472981      100.00
15                     76594274656348557472981      100.00
81                     77452874393640940438920      100.00
81                     77452874393640940438920      100.00
165                    71471608752879351177720      100.00
165                    71471608752879351177720      100.00
180                    76692452044609986420101      100.00
180                    76692452044609986420101      100.00
38                     75973895259950273684781      100.00
38                     75973895259950273684781      100.00
82                     76979292639666515710883      100.00
82                     76979292639666515710883      100.00
97                     70266220154119531904890      100.00
97                     70266220154119531904890      100.00
133                    77865457065419804011787      100.00
133                    77865457065419804011787      100.00
30                     79947359184707996219389      100.00
30                     79947359184707996219389      100.00
42                     77752589910132323398792      100.00
42                     77752589910132323398792      100.00
73                     75895363007343987910761      100.00
73                     75895363007343987910761      100.00
151                    71791288589553131922894      100.00
151                    71791288589553131922894      100.00
90                     75467696378975288680523      100.00
90                     75467696378975288680523      100.00
159                    72824991080864781719153      100.00
159                    72824991080864781719153      100.00
23                     72723390461734271430510      100.00
23                     72723390461734271430510      100.00
117                    71066068182125892899897      100.00
117                    71066068182125892899897      100.00
121                    77655994479883151294652      100.00
121                    77655994479883151294652      100.00
46                     77055300227825395250589      100.00
46                     77055300227825395250589      100.00
20                     71401889250406529918889      100.00
20                     71401889250406529918889      100.00
70                     76284656256004414381071      100.00
70                     76284656256004414381071      100.00
99                     76842270734789313627758      100.00
99                     76842270734789313627758      100.00
86                     73478367884364840339577      100.00
86                     73478367884364840339577      100.00
109                    76056834060543518760870      100.00
109                    76056834060543518760870      100.00
60                     71501023105518372217113      100.00
60                     71501023105518372217113      100.00
93                     71846386979362546288804      100.00
93                     71846386979362546288804      100.00
40                     76963043335236162675029      100.00
40                     76963043335236162675029      100.00
147                    75334618256944571730986      100.00
147                    75334618256944571730986      100.00
183                    71435392124932726344523      100.00
183                    71435392124932726344523      100.00
16                     78877613794859934493252      100.00
16                     78877613794859934493252      100.00
64                     73048673375109637977651      100.00
64                     73048673375109637977651      100.00
91                     77162834780892297980509      100.00
91                     77162834780892297980509      100.00
152                    72734818016184212004621      100.00
152                    72734818016184212004621      100.00
45                     76277464591030441000702      100.00
45                     76277464591030441000702      100.00
47                     79594430626075470249322      100.00
47                     79594430626075470249322      100.00
53                     76546936847055673411306      100.00
53                     76546936847055673411306      100.00
148                    78749384626865855288010      100.00
148                    78749384626865855288010      100.00
169                    73969355885017859125520      100.00
169                    73969355885017859125520      100.00
24                     75395922749273766573734      100.00
24                     75395922749273766573734      100.00
